(kicad_pcb (version 4) (host pcbnew "(2015-04-05 BZR 5576)-product")

  (general
    (links 236)
    (no_connects 4)
    (area 0 0 0 0)
    (thickness 1.6)
    (drawings 6)
    (tracks 1444)
    (zones 0)
    (modules 92)
    (nets 107)
  )

  (page A4)
  (layers
    (0 F.Cu signal)
    (1 In1.Cu signal)
    (2 In2.Cu signal)
    (31 B.Cu signal)
    (32 B.Adhes user)
    (33 F.Adhes user)
    (34 B.Paste user)
    (35 F.Paste user)
    (36 B.SilkS user hide)
    (37 F.SilkS user hide)
    (38 B.Mask user)
    (39 F.Mask user)
    (40 Dwgs.User user)
    (41 Cmts.User user)
    (42 Eco1.User user)
    (43 Eco2.User user)
    (44 Edge.Cuts user)
    (45 Margin user)
    (46 B.CrtYd user)
    (47 F.CrtYd user)
    (48 B.Fab user)
    (49 F.Fab user)
  )

  (setup
    (last_trace_width 0.25)
    (trace_clearance 0.2)
    (zone_clearance 0.7)
    (zone_45_only yes)
    (trace_min 0.2)
    (segment_width 0.2)
    (edge_width 0.1)
    (via_size 0.6)
    (via_drill 0.4)
    (via_min_size 0.4)
    (via_min_drill 0.3)
    (uvia_size 0.3)
    (uvia_drill 0.1)
    (uvias_allowed no)
    (uvia_min_size 0.2)
    (uvia_min_drill 0.1)
    (pcb_text_width 0.3)
    (pcb_text_size 0.7 0.7)
    (mod_edge_width 0.1)
    (mod_text_size 0.7 0.7)
    (mod_text_width 0.1)
    (pad_size 4 4)
    (pad_drill 3)
    (pad_to_mask_clearance 0)
    (aux_axis_origin 0 0)
    (grid_origin 10.16 10.16)
    (visible_elements FFFFF7FF)
    (pcbplotparams
      (layerselection 0x001f0_80000007)
      (usegerberextensions true)
      (excludeedgelayer true)
      (linewidth 0.100000)
      (plotframeref false)
      (viasonmask false)
      (mode 1)
      (useauxorigin false)
      (hpglpennumber 1)
      (hpglpenspeed 20)
      (hpglpendiameter 15)
      (hpglpenoverlay 2)
      (psnegative false)
      (psa4output false)
      (plotreference true)
      (plotvalue true)
      (plotinvisibletext false)
      (padsonsilk false)
      (subtractmaskfromsilk false)
      (outputformat 1)
      (mirror false)
      (drillshape 0)
      (scaleselection 1)
      (outputdirectory Gerbers/))
  )

  (net 0 "")
  (net 1 /power/V_USB)
  (net 2 GND)
  (net 3 V3.3)
  (net 4 /motors/C1H)
  (net 5 /motors/C1L)
  (net 6 /motors/VG)
  (net 7 /gpio/BUT_0)
  (net 8 /gpio/BUT_1)
  (net 9 /gpio/Reed)
  (net 10 /usb/USB_OSC1)
  (net 11 /usb/USB_OSC2)
  (net 12 "Net-(C17-Pad1)")
  (net 13 /mcu/OSC1)
  (net 14 /mcu/OSC2)
  (net 15 /mcu/Vcap)
  (net 16 /mcu/MCLR_in)
  (net 17 /motors/V_Bat)
  (net 18 /usb/USB_D-)
  (net 19 /usb/USB_D+)
  (net 20 "Net-(CON1-Pad4)")
  (net 21 "Net-(CON2-Pad1)")
  (net 22 "Net-(CON2-Pad3)")
  (net 23 /gpio/LED5)
  (net 24 "Net-(D1-Pad2)")
  (net 25 /gpio/LED4)
  (net 26 "Net-(D2-Pad2)")
  (net 27 /gpio/LED3)
  (net 28 "Net-(D3-Pad2)")
  (net 29 /gpio/LED2)
  (net 30 "Net-(D4-Pad2)")
  (net 31 /gpio/LED1)
  (net 32 "Net-(D5-Pad2)")
  (net 33 /gpio/LED0)
  (net 34 "Net-(D6-Pad2)")
  (net 35 "Net-(D7-Pad1)")
  (net 36 /usb/TX_LED)
  (net 37 "Net-(D8-Pad1)")
  (net 38 /usb/RX_LED)
  (net 39 "Net-(D9-Pad2)")
  (net 40 /motors/MOT1_2)
  (net 41 /motors/MOT2_2)
  (net 42 /motors/MOT1_1)
  (net 43 /motors/MOT2_1)
  (net 44 "Net-(D18-Pad2)")
  (net 45 "Net-(P1-Pad2)")
  (net 46 /mcu/MOT1_ENC)
  (net 47 "Net-(P4-Pad2)")
  (net 48 "Net-(P5-Pad2)")
  (net 49 /mcu/MOT2_ENC)
  (net 50 /motors/PWM1)
  (net 51 /motors/PWM2)
  (net 52 /gpio/AN0)
  (net 53 /gpio/AN1)
  (net 54 /gpio/AN2)
  (net 55 /gpio/AN3)
  (net 56 /gpio/AN4)
  (net 57 /gpio/AN5)
  (net 58 /gpio/SIO_C)
  (net 59 /gpio/SIO_D)
  (net 60 /gpio/vSync)
  (net 61 /gpio/Href)
  (net 62 /gpio/DATA_7)
  (net 63 /gpio/DATA_6)
  (net 64 /gpio/DATA_4)
  (net 65 /gpio/DATA_3)
  (net 66 /gpio/DATA_2)
  (net 67 /gpio/DATA_1)
  (net 68 /gpio/DATA_0)
  (net 69 /gpio/Strobe)
  (net 70 /gpio/RCK)
  (net 71 /gpio/~WR)
  (net 72 /gpio/~OE)
  (net 73 /gpio/~WRST)
  (net 74 /gpio/~RRST)
  (net 75 /gpio/DACOUT)
  (net 76 /gpio/SPI_CLK)
  (net 77 /gpio/SPI_MOSI)
  (net 78 /gpio/SPI_MISO)
  (net 79 /gpio/SPI_SS)
  (net 80 /mcu/PGD)
  (net 81 /mcu/PGC)
  (net 82 "Net-(P14-Pad6)")
  (net 83 /mcu/MCLR)
  (net 84 /mcu/MOT2_D2)
  (net 85 /mcu/MOT2_D1)
  (net 86 /mcu/MOT1_D2)
  (net 87 /mcu/MOT1_D1)
  (net 88 "Net-(U3-Pad7)")
  (net 89 "Net-(U3-Pad8)")
  (net 90 "Net-(U3-Pad9)")
  (net 91 /usb/MCU_RX)
  (net 92 "Net-(U3-Pad11)")
  (net 93 /usb/MCU_TX)
  (net 94 "Net-(U3-Pad13)")
  (net 95 "Net-(U3-Pad14)")
  (net 96 "Net-(U3-Pad15)")
  (net 97 "Net-(U3-Pad16)")
  (net 98 /mcu/MOT2_E)
  (net 99 /mcu/MOT1_E)
  (net 100 "Net-(P96-Pad1)")
  (net 101 "Net-(P97-Pad1)")
  (net 102 "Net-(P98-Pad1)")
  (net 103 "Net-(P99-Pad1)")
  (net 104 /gpio/DATA_5)
  (net 105 "Net-(P10-Pad23)")
  (net 106 "Net-(P10-Pad24)")

  (net_class Default "This is the default net class."
    (clearance 0.2)
    (trace_width 0.25)
    (via_dia 0.6)
    (via_drill 0.4)
    (uvia_dia 0.3)
    (uvia_drill 0.1)
    (add_net /gpio/AN0)
    (add_net /gpio/AN1)
    (add_net /gpio/AN2)
    (add_net /gpio/AN3)
    (add_net /gpio/AN4)
    (add_net /gpio/AN5)
    (add_net /gpio/BUT_0)
    (add_net /gpio/BUT_1)
    (add_net /gpio/DACOUT)
    (add_net /gpio/DATA_0)
    (add_net /gpio/DATA_1)
    (add_net /gpio/DATA_2)
    (add_net /gpio/DATA_3)
    (add_net /gpio/DATA_4)
    (add_net /gpio/DATA_5)
    (add_net /gpio/DATA_6)
    (add_net /gpio/DATA_7)
    (add_net /gpio/Href)
    (add_net /gpio/LED0)
    (add_net /gpio/LED1)
    (add_net /gpio/LED2)
    (add_net /gpio/LED3)
    (add_net /gpio/LED4)
    (add_net /gpio/LED5)
    (add_net /gpio/RCK)
    (add_net /gpio/Reed)
    (add_net /gpio/SIO_C)
    (add_net /gpio/SIO_D)
    (add_net /gpio/SPI_CLK)
    (add_net /gpio/SPI_MISO)
    (add_net /gpio/SPI_MOSI)
    (add_net /gpio/SPI_SS)
    (add_net /gpio/Strobe)
    (add_net /gpio/vSync)
    (add_net /gpio/~OE)
    (add_net /gpio/~RRST)
    (add_net /gpio/~WR)
    (add_net /gpio/~WRST)
    (add_net /mcu/MCLR)
    (add_net /mcu/MCLR_in)
    (add_net /mcu/MOT1_D1)
    (add_net /mcu/MOT1_D2)
    (add_net /mcu/MOT1_E)
    (add_net /mcu/MOT1_ENC)
    (add_net /mcu/MOT2_D1)
    (add_net /mcu/MOT2_D2)
    (add_net /mcu/MOT2_E)
    (add_net /mcu/MOT2_ENC)
    (add_net /mcu/OSC1)
    (add_net /mcu/OSC2)
    (add_net /mcu/PGC)
    (add_net /mcu/PGD)
    (add_net /mcu/Vcap)
    (add_net /motors/C1H)
    (add_net /motors/C1L)
    (add_net /motors/PWM1)
    (add_net /motors/PWM2)
    (add_net /usb/MCU_RX)
    (add_net /usb/MCU_TX)
    (add_net /usb/RX_LED)
    (add_net /usb/TX_LED)
    (add_net /usb/USB_D+)
    (add_net /usb/USB_D-)
    (add_net /usb/USB_OSC1)
    (add_net /usb/USB_OSC2)
    (add_net GND)
    (add_net "Net-(C17-Pad1)")
    (add_net "Net-(CON1-Pad4)")
    (add_net "Net-(D1-Pad2)")
    (add_net "Net-(D18-Pad2)")
    (add_net "Net-(D2-Pad2)")
    (add_net "Net-(D3-Pad2)")
    (add_net "Net-(D4-Pad2)")
    (add_net "Net-(D5-Pad2)")
    (add_net "Net-(D6-Pad2)")
    (add_net "Net-(D7-Pad1)")
    (add_net "Net-(D8-Pad1)")
    (add_net "Net-(P10-Pad23)")
    (add_net "Net-(P10-Pad24)")
    (add_net "Net-(P14-Pad6)")
    (add_net "Net-(P4-Pad2)")
    (add_net "Net-(P5-Pad2)")
    (add_net "Net-(P96-Pad1)")
    (add_net "Net-(P97-Pad1)")
    (add_net "Net-(P98-Pad1)")
    (add_net "Net-(P99-Pad1)")
    (add_net "Net-(U3-Pad11)")
    (add_net "Net-(U3-Pad13)")
    (add_net "Net-(U3-Pad14)")
    (add_net "Net-(U3-Pad15)")
    (add_net "Net-(U3-Pad16)")
    (add_net "Net-(U3-Pad7)")
    (add_net "Net-(U3-Pad8)")
    (add_net "Net-(U3-Pad9)")
    (add_net V3.3)
  )

  (net_class "Heavy Power" ""
    (clearance 0.2)
    (trace_width 0.8)
    (via_dia 0.6)
    (via_drill 0.4)
    (uvia_dia 0.3)
    (uvia_drill 0.1)
    (add_net "Net-(CON2-Pad1)")
    (add_net "Net-(D9-Pad2)")
    (add_net "Net-(P1-Pad2)")
  )

  (net_class Power ""
    (clearance 0.2)
    (trace_width 0.4)
    (via_dia 0.6)
    (via_drill 0.4)
    (uvia_dia 0.3)
    (uvia_drill 0.1)
    (add_net /motors/MOT1_1)
    (add_net /motors/MOT1_2)
    (add_net /motors/MOT2_1)
    (add_net /motors/MOT2_2)
    (add_net /motors/VG)
    (add_net /motors/V_Bat)
    (add_net /power/V_USB)
    (add_net "Net-(CON2-Pad3)")
  )

  (module Capacitors_SMD:C_1206 (layer F.Cu) (tedit 55219A93) (tstamp 551A4E3A)
    (at 138.43 52.705 270)
    (descr "Capacitor SMD 1206, reflow soldering, AVX (see smccp.pdf)")
    (tags "capacitor 1206")
    (path /550F3C71/55125943)
    (attr smd)
    (fp_text reference C1 (at 1.651 -1.778 450) (layer F.SilkS)
      (effects (font (size 0.7 0.7) (thickness 0.1)))
    )
    (fp_text value 1uF (at -1.397 -1.778 270) (layer F.Fab)
      (effects (font (size 0.7 0.7) (thickness 0.1)))
    )
    (fp_line (start -2.3 -1.15) (end 2.3 -1.15) (layer F.CrtYd) (width 0.05))
    (fp_line (start -2.3 1.15) (end 2.3 1.15) (layer F.CrtYd) (width 0.05))
    (fp_line (start -2.3 -1.15) (end -2.3 1.15) (layer F.CrtYd) (width 0.05))
    (fp_line (start 2.3 -1.15) (end 2.3 1.15) (layer F.CrtYd) (width 0.05))
    (fp_line (start 1 -1.025) (end -1 -1.025) (layer F.SilkS) (width 0.15))
    (fp_line (start -1 1.025) (end 1 1.025) (layer F.SilkS) (width 0.15))
    (pad 1 smd rect (at -1.5 0 270) (size 1 1.6) (layers F.Cu F.Paste F.Mask)
      (net 1 /power/V_USB))
    (pad 2 smd rect (at 1.5 0 270) (size 1 1.6) (layers F.Cu F.Paste F.Mask)
      (net 2 GND))
    (model Capacitors_SMD.3dshapes/C_1206.wrl
      (at (xyz 0 0 0))
      (scale (xyz 1 1 1))
      (rotate (xyz 0 0 0))
    )
  )

  (module Capacitors_SMD:C_1206 (layer F.Cu) (tedit 55219A8A) (tstamp 551A4E40)
    (at 142.24 52.705 270)
    (descr "Capacitor SMD 1206, reflow soldering, AVX (see smccp.pdf)")
    (tags "capacitor 1206")
    (path /550F3C71/55125991)
    (attr smd)
    (fp_text reference C2 (at 1.651 -2.032 450) (layer F.SilkS)
      (effects (font (size 0.7 0.7) (thickness 0.1)))
    )
    (fp_text value 100nF (at -0.889 -2.032 450) (layer F.Fab)
      (effects (font (size 0.7 0.7) (thickness 0.1)))
    )
    (fp_line (start -2.3 -1.15) (end 2.3 -1.15) (layer F.CrtYd) (width 0.05))
    (fp_line (start -2.3 1.15) (end 2.3 1.15) (layer F.CrtYd) (width 0.05))
    (fp_line (start -2.3 -1.15) (end -2.3 1.15) (layer F.CrtYd) (width 0.05))
    (fp_line (start 2.3 -1.15) (end 2.3 1.15) (layer F.CrtYd) (width 0.05))
    (fp_line (start 1 -1.025) (end -1 -1.025) (layer F.SilkS) (width 0.15))
    (fp_line (start -1 1.025) (end 1 1.025) (layer F.SilkS) (width 0.15))
    (pad 1 smd rect (at -1.5 0 270) (size 1 1.6) (layers F.Cu F.Paste F.Mask)
      (net 1 /power/V_USB))
    (pad 2 smd rect (at 1.5 0 270) (size 1 1.6) (layers F.Cu F.Paste F.Mask)
      (net 2 GND))
    (model Capacitors_SMD.3dshapes/C_1206.wrl
      (at (xyz 0 0 0))
      (scale (xyz 1 1 1))
      (rotate (xyz 0 0 0))
    )
  )

  (module Capacitors_SMD:C_1206 (layer F.Cu) (tedit 5522BFB5) (tstamp 551A4E46)
    (at 119.38 104.14 90)
    (descr "Capacitor SMD 1206, reflow soldering, AVX (see smccp.pdf)")
    (tags "capacitor 1206")
    (path /550F3C71/55125C19)
    (attr smd)
    (fp_text reference C3 (at -1.524 -1.524 90) (layer F.SilkS)
      (effects (font (size 0.7 0.7) (thickness 0.1)))
    )
    (fp_text value 1uF (at 1.016 -1.524 90) (layer F.Fab)
      (effects (font (size 0.7 0.7) (thickness 0.1)))
    )
    (fp_line (start -2.3 -1.15) (end 2.3 -1.15) (layer F.CrtYd) (width 0.05))
    (fp_line (start -2.3 1.15) (end 2.3 1.15) (layer F.CrtYd) (width 0.05))
    (fp_line (start -2.3 -1.15) (end -2.3 1.15) (layer F.CrtYd) (width 0.05))
    (fp_line (start 2.3 -1.15) (end 2.3 1.15) (layer F.CrtYd) (width 0.05))
    (fp_line (start 1 -1.025) (end -1 -1.025) (layer F.SilkS) (width 0.15))
    (fp_line (start -1 1.025) (end 1 1.025) (layer F.SilkS) (width 0.15))
    (pad 1 smd rect (at -1.5 0 90) (size 1 1.6) (layers F.Cu F.Paste F.Mask)
      (net 3 V3.3))
    (pad 2 smd rect (at 1.5 0 90) (size 1 1.6) (layers F.Cu F.Paste F.Mask)
      (net 2 GND))
    (model Capacitors_SMD.3dshapes/C_1206.wrl
      (at (xyz 0 0 0))
      (scale (xyz 1 1 1))
      (rotate (xyz 0 0 0))
    )
  )

  (module Capacitors_SMD:C_1206 (layer B.Cu) (tedit 5522BFE6) (tstamp 551A4E4C)
    (at 133.985 64.135 90)
    (descr "Capacitor SMD 1206, reflow soldering, AVX (see smccp.pdf)")
    (tags "capacitor 1206")
    (path /550F3C71/55125E15)
    (attr smd)
    (fp_text reference C4 (at 1.651 1.905 90) (layer B.SilkS)
      (effects (font (size 0.7 0.7) (thickness 0.1)) (justify mirror))
    )
    (fp_text value 1uF (at -1.143 -4.191 90) (layer B.Fab)
      (effects (font (size 0.7 0.7) (thickness 0.1)) (justify mirror))
    )
    (fp_line (start -2.3 1.15) (end 2.3 1.15) (layer B.CrtYd) (width 0.05))
    (fp_line (start -2.3 -1.15) (end 2.3 -1.15) (layer B.CrtYd) (width 0.05))
    (fp_line (start -2.3 1.15) (end -2.3 -1.15) (layer B.CrtYd) (width 0.05))
    (fp_line (start 2.3 1.15) (end 2.3 -1.15) (layer B.CrtYd) (width 0.05))
    (fp_line (start 1 1.025) (end -1 1.025) (layer B.SilkS) (width 0.15))
    (fp_line (start -1 -1.025) (end 1 -1.025) (layer B.SilkS) (width 0.15))
    (pad 1 smd rect (at -1.5 0 90) (size 1 1.6) (layers B.Cu B.Paste B.Mask)
      (net 3 V3.3))
    (pad 2 smd rect (at 1.5 0 90) (size 1 1.6) (layers B.Cu B.Paste B.Mask)
      (net 2 GND))
    (model Capacitors_SMD.3dshapes/C_1206.wrl
      (at (xyz 0 0 0))
      (scale (xyz 1 1 1))
      (rotate (xyz 0 0 0))
    )
  )

  (module Capacitors_SMD:C_1206 (layer B.Cu) (tedit 5522BF32) (tstamp 551A4E52)
    (at 106.68 134.366 90)
    (descr "Capacitor SMD 1206, reflow soldering, AVX (see smccp.pdf)")
    (tags "capacitor 1206")
    (path /550F3C71/55125C1F)
    (attr smd)
    (fp_text reference C5 (at 1.778 -1.651 270) (layer B.SilkS)
      (effects (font (size 0.7 0.7) (thickness 0.1)) (justify mirror))
    )
    (fp_text value 100nF (at -1.016 -1.651 90) (layer B.Fab)
      (effects (font (size 0.7 0.7) (thickness 0.1)) (justify mirror))
    )
    (fp_line (start -2.3 1.15) (end 2.3 1.15) (layer B.CrtYd) (width 0.05))
    (fp_line (start -2.3 -1.15) (end 2.3 -1.15) (layer B.CrtYd) (width 0.05))
    (fp_line (start -2.3 1.15) (end -2.3 -1.15) (layer B.CrtYd) (width 0.05))
    (fp_line (start 2.3 1.15) (end 2.3 -1.15) (layer B.CrtYd) (width 0.05))
    (fp_line (start 1 1.025) (end -1 1.025) (layer B.SilkS) (width 0.15))
    (fp_line (start -1 -1.025) (end 1 -1.025) (layer B.SilkS) (width 0.15))
    (pad 1 smd rect (at -1.5 0 90) (size 1 1.6) (layers B.Cu B.Paste B.Mask)
      (net 3 V3.3))
    (pad 2 smd rect (at 1.5 0 90) (size 1 1.6) (layers B.Cu B.Paste B.Mask)
      (net 2 GND))
    (model Capacitors_SMD.3dshapes/C_1206.wrl
      (at (xyz 0 0 0))
      (scale (xyz 1 1 1))
      (rotate (xyz 0 0 0))
    )
  )

  (module Capacitors_SMD:C_1206 (layer F.Cu) (tedit 5522BFAA) (tstamp 551A4E58)
    (at 119.38 109.982 270)
    (descr "Capacitor SMD 1206, reflow soldering, AVX (see smccp.pdf)")
    (tags "capacitor 1206")
    (path /550F3C71/55125CE1)
    (attr smd)
    (fp_text reference C6 (at 1.27 1.524 270) (layer F.SilkS)
      (effects (font (size 0.7 0.7) (thickness 0.1)))
    )
    (fp_text value 100nF (at -1.27 1.524 270) (layer F.Fab)
      (effects (font (size 0.7 0.7) (thickness 0.1)))
    )
    (fp_line (start -2.3 -1.15) (end 2.3 -1.15) (layer F.CrtYd) (width 0.05))
    (fp_line (start -2.3 1.15) (end 2.3 1.15) (layer F.CrtYd) (width 0.05))
    (fp_line (start -2.3 -1.15) (end -2.3 1.15) (layer F.CrtYd) (width 0.05))
    (fp_line (start 2.3 -1.15) (end 2.3 1.15) (layer F.CrtYd) (width 0.05))
    (fp_line (start 1 -1.025) (end -1 -1.025) (layer F.SilkS) (width 0.15))
    (fp_line (start -1 1.025) (end 1 1.025) (layer F.SilkS) (width 0.15))
    (pad 1 smd rect (at -1.5 0 270) (size 1 1.6) (layers F.Cu F.Paste F.Mask)
      (net 3 V3.3))
    (pad 2 smd rect (at 1.5 0 270) (size 1 1.6) (layers F.Cu F.Paste F.Mask)
      (net 2 GND))
    (model Capacitors_SMD.3dshapes/C_1206.wrl
      (at (xyz 0 0 0))
      (scale (xyz 1 1 1))
      (rotate (xyz 0 0 0))
    )
  )

  (module Capacitors_SMD:C_1206 (layer B.Cu) (tedit 5522BF6B) (tstamp 551A4E5E)
    (at 131.445 99.695 90)
    (descr "Capacitor SMD 1206, reflow soldering, AVX (see smccp.pdf)")
    (tags "capacitor 1206")
    (path /550F3C71/55125D10)
    (attr smd)
    (fp_text reference C7 (at 1.651 -1.651 90) (layer B.SilkS)
      (effects (font (size 0.7 0.7) (thickness 0.1)) (justify mirror))
    )
    (fp_text value 100nF (at -1.143 -1.651 90) (layer B.Fab)
      (effects (font (size 0.7 0.7) (thickness 0.1)) (justify mirror))
    )
    (fp_line (start -2.3 1.15) (end 2.3 1.15) (layer B.CrtYd) (width 0.05))
    (fp_line (start -2.3 -1.15) (end 2.3 -1.15) (layer B.CrtYd) (width 0.05))
    (fp_line (start -2.3 1.15) (end -2.3 -1.15) (layer B.CrtYd) (width 0.05))
    (fp_line (start 2.3 1.15) (end 2.3 -1.15) (layer B.CrtYd) (width 0.05))
    (fp_line (start 1 1.025) (end -1 1.025) (layer B.SilkS) (width 0.15))
    (fp_line (start -1 -1.025) (end 1 -1.025) (layer B.SilkS) (width 0.15))
    (pad 1 smd rect (at -1.5 0 90) (size 1 1.6) (layers B.Cu B.Paste B.Mask)
      (net 3 V3.3))
    (pad 2 smd rect (at 1.5 0 90) (size 1 1.6) (layers B.Cu B.Paste B.Mask)
      (net 2 GND))
    (model Capacitors_SMD.3dshapes/C_1206.wrl
      (at (xyz 0 0 0))
      (scale (xyz 1 1 1))
      (rotate (xyz 0 0 0))
    )
  )

  (module Capacitors_SMD:C_1206 (layer B.Cu) (tedit 5522BF66) (tstamp 551A4E64)
    (at 138.43 99.695 90)
    (descr "Capacitor SMD 1206, reflow soldering, AVX (see smccp.pdf)")
    (tags "capacitor 1206")
    (path /550F3C71/55125D3E)
    (attr smd)
    (fp_text reference C8 (at 1.651 -1.778 90) (layer B.SilkS)
      (effects (font (size 0.7 0.7) (thickness 0.1)) (justify mirror))
    )
    (fp_text value 100nF (at -1.397 -1.778 90) (layer B.Fab)
      (effects (font (size 0.7 0.7) (thickness 0.1)) (justify mirror))
    )
    (fp_line (start -2.3 1.15) (end 2.3 1.15) (layer B.CrtYd) (width 0.05))
    (fp_line (start -2.3 -1.15) (end 2.3 -1.15) (layer B.CrtYd) (width 0.05))
    (fp_line (start -2.3 1.15) (end -2.3 -1.15) (layer B.CrtYd) (width 0.05))
    (fp_line (start 2.3 1.15) (end 2.3 -1.15) (layer B.CrtYd) (width 0.05))
    (fp_line (start 1 1.025) (end -1 1.025) (layer B.SilkS) (width 0.15))
    (fp_line (start -1 -1.025) (end 1 -1.025) (layer B.SilkS) (width 0.15))
    (pad 1 smd rect (at -1.5 0 90) (size 1 1.6) (layers B.Cu B.Paste B.Mask)
      (net 3 V3.3))
    (pad 2 smd rect (at 1.5 0 90) (size 1 1.6) (layers B.Cu B.Paste B.Mask)
      (net 2 GND))
    (model Capacitors_SMD.3dshapes/C_1206.wrl
      (at (xyz 0 0 0))
      (scale (xyz 1 1 1))
      (rotate (xyz 0 0 0))
    )
  )

  (module Capacitors_SMD:C_1206 (layer F.Cu) (tedit 5522C034) (tstamp 551A4E6A)
    (at 143.002 59.69 90)
    (descr "Capacitor SMD 1206, reflow soldering, AVX (see smccp.pdf)")
    (tags "capacitor 1206")
    (path /550F3C71/55125D89)
    (attr smd)
    (fp_text reference C9 (at -1.778 1.778 90) (layer F.SilkS)
      (effects (font (size 0.7 0.7) (thickness 0.1)))
    )
    (fp_text value 100nF (at 1.016 1.778 90) (layer F.Fab)
      (effects (font (size 0.7 0.7) (thickness 0.1)))
    )
    (fp_line (start -2.3 -1.15) (end 2.3 -1.15) (layer F.CrtYd) (width 0.05))
    (fp_line (start -2.3 1.15) (end 2.3 1.15) (layer F.CrtYd) (width 0.05))
    (fp_line (start -2.3 -1.15) (end -2.3 1.15) (layer F.CrtYd) (width 0.05))
    (fp_line (start 2.3 -1.15) (end 2.3 1.15) (layer F.CrtYd) (width 0.05))
    (fp_line (start 1 -1.025) (end -1 -1.025) (layer F.SilkS) (width 0.15))
    (fp_line (start -1 1.025) (end 1 1.025) (layer F.SilkS) (width 0.15))
    (pad 1 smd rect (at -1.5 0 90) (size 1 1.6) (layers F.Cu F.Paste F.Mask)
      (net 3 V3.3))
    (pad 2 smd rect (at 1.5 0 90) (size 1 1.6) (layers F.Cu F.Paste F.Mask)
      (net 2 GND))
    (model Capacitors_SMD.3dshapes/C_1206.wrl
      (at (xyz 0 0 0))
      (scale (xyz 1 1 1))
      (rotate (xyz 0 0 0))
    )
  )

  (module Capacitors_SMD:C_1206 (layer F.Cu) (tedit 5522C032) (tstamp 551A4E70)
    (at 139.7 62.865 270)
    (descr "Capacitor SMD 1206, reflow soldering, AVX (see smccp.pdf)")
    (tags "capacitor 1206")
    (path /550F3C8C/5511EAB7)
    (attr smd)
    (fp_text reference C10 (at 1.397 -1.778 450) (layer F.SilkS)
      (effects (font (size 0.7 0.7) (thickness 0.1)))
    )
    (fp_text value 10nF (at -1.143 -1.778 450) (layer F.Fab)
      (effects (font (size 0.7 0.7) (thickness 0.1)))
    )
    (fp_line (start -2.3 -1.15) (end 2.3 -1.15) (layer F.CrtYd) (width 0.05))
    (fp_line (start -2.3 1.15) (end 2.3 1.15) (layer F.CrtYd) (width 0.05))
    (fp_line (start -2.3 -1.15) (end -2.3 1.15) (layer F.CrtYd) (width 0.05))
    (fp_line (start 2.3 -1.15) (end 2.3 1.15) (layer F.CrtYd) (width 0.05))
    (fp_line (start 1 -1.025) (end -1 -1.025) (layer F.SilkS) (width 0.15))
    (fp_line (start -1 1.025) (end 1 1.025) (layer F.SilkS) (width 0.15))
    (pad 1 smd rect (at -1.5 0 270) (size 1 1.6) (layers F.Cu F.Paste F.Mask)
      (net 4 /motors/C1H))
    (pad 2 smd rect (at 1.5 0 270) (size 1 1.6) (layers F.Cu F.Paste F.Mask)
      (net 5 /motors/C1L))
    (model Capacitors_SMD.3dshapes/C_1206.wrl
      (at (xyz 0 0 0))
      (scale (xyz 1 1 1))
      (rotate (xyz 0 0 0))
    )
  )

  (module Capacitors_SMD:C_1206 (layer B.Cu) (tedit 5522BFEA) (tstamp 551A4E76)
    (at 131.445 64.135 270)
    (descr "Capacitor SMD 1206, reflow soldering, AVX (see smccp.pdf)")
    (tags "capacitor 1206")
    (path /550F3C8C/5511F549)
    (attr smd)
    (fp_text reference C11 (at -1.397 1.651 270) (layer B.SilkS)
      (effects (font (size 0.7 0.7) (thickness 0.1)) (justify mirror))
    )
    (fp_text value 100nF (at 1.397 -4.191 270) (layer B.Fab)
      (effects (font (size 0.7 0.7) (thickness 0.1)) (justify mirror))
    )
    (fp_line (start -2.3 1.15) (end 2.3 1.15) (layer B.CrtYd) (width 0.05))
    (fp_line (start -2.3 -1.15) (end 2.3 -1.15) (layer B.CrtYd) (width 0.05))
    (fp_line (start -2.3 1.15) (end -2.3 -1.15) (layer B.CrtYd) (width 0.05))
    (fp_line (start 2.3 1.15) (end 2.3 -1.15) (layer B.CrtYd) (width 0.05))
    (fp_line (start 1 1.025) (end -1 1.025) (layer B.SilkS) (width 0.15))
    (fp_line (start -1 -1.025) (end 1 -1.025) (layer B.SilkS) (width 0.15))
    (pad 1 smd rect (at -1.5 0 270) (size 1 1.6) (layers B.Cu B.Paste B.Mask)
      (net 6 /motors/VG))
    (pad 2 smd rect (at 1.5 0 270) (size 1 1.6) (layers B.Cu B.Paste B.Mask)
      (net 2 GND))
    (model Capacitors_SMD.3dshapes/C_1206.wrl
      (at (xyz 0 0 0))
      (scale (xyz 1 1 1))
      (rotate (xyz 0 0 0))
    )
  )

  (module Capacitors_SMD:C_1206 (layer B.Cu) (tedit 5522BEE4) (tstamp 551A4E7C)
    (at 118.11 127.635 90)
    (descr "Capacitor SMD 1206, reflow soldering, AVX (see smccp.pdf)")
    (tags "capacitor 1206")
    (path /550F3CBF/5511941F)
    (attr smd)
    (fp_text reference C12 (at 0.127 -2.286 180) (layer B.SilkS)
      (effects (font (size 0.7 0.7) (thickness 0.1)) (justify mirror))
    )
    (fp_text value 10nF (at -0.889 -2.54 180) (layer B.Fab)
      (effects (font (size 0.7 0.7) (thickness 0.1)) (justify mirror))
    )
    (fp_line (start -2.3 1.15) (end 2.3 1.15) (layer B.CrtYd) (width 0.05))
    (fp_line (start -2.3 -1.15) (end 2.3 -1.15) (layer B.CrtYd) (width 0.05))
    (fp_line (start -2.3 1.15) (end -2.3 -1.15) (layer B.CrtYd) (width 0.05))
    (fp_line (start 2.3 1.15) (end 2.3 -1.15) (layer B.CrtYd) (width 0.05))
    (fp_line (start 1 1.025) (end -1 1.025) (layer B.SilkS) (width 0.15))
    (fp_line (start -1 -1.025) (end 1 -1.025) (layer B.SilkS) (width 0.15))
    (pad 1 smd rect (at -1.5 0 90) (size 1 1.6) (layers B.Cu B.Paste B.Mask)
      (net 2 GND))
    (pad 2 smd rect (at 1.5 0 90) (size 1 1.6) (layers B.Cu B.Paste B.Mask)
      (net 7 /gpio/BUT_0))
    (model Capacitors_SMD.3dshapes/C_1206.wrl
      (at (xyz 0 0 0))
      (scale (xyz 1 1 1))
      (rotate (xyz 0 0 0))
    )
  )

  (module Capacitors_SMD:C_1206 (layer B.Cu) (tedit 5522BECA) (tstamp 551A4E82)
    (at 118.11 120.65 270)
    (descr "Capacitor SMD 1206, reflow soldering, AVX (see smccp.pdf)")
    (tags "capacitor 1206")
    (path /550F3CBF/5511947D)
    (attr smd)
    (fp_text reference C13 (at -1.27 2.286 360) (layer B.SilkS)
      (effects (font (size 0.7 0.7) (thickness 0.1)) (justify mirror))
    )
    (fp_text value 10nF (at 0 2.286 360) (layer B.Fab)
      (effects (font (size 0.7 0.7) (thickness 0.1)) (justify mirror))
    )
    (fp_line (start -2.3 1.15) (end 2.3 1.15) (layer B.CrtYd) (width 0.05))
    (fp_line (start -2.3 -1.15) (end 2.3 -1.15) (layer B.CrtYd) (width 0.05))
    (fp_line (start -2.3 1.15) (end -2.3 -1.15) (layer B.CrtYd) (width 0.05))
    (fp_line (start 2.3 1.15) (end 2.3 -1.15) (layer B.CrtYd) (width 0.05))
    (fp_line (start 1 1.025) (end -1 1.025) (layer B.SilkS) (width 0.15))
    (fp_line (start -1 -1.025) (end 1 -1.025) (layer B.SilkS) (width 0.15))
    (pad 1 smd rect (at -1.5 0 270) (size 1 1.6) (layers B.Cu B.Paste B.Mask)
      (net 2 GND))
    (pad 2 smd rect (at 1.5 0 270) (size 1 1.6) (layers B.Cu B.Paste B.Mask)
      (net 8 /gpio/BUT_1))
    (model Capacitors_SMD.3dshapes/C_1206.wrl
      (at (xyz 0 0 0))
      (scale (xyz 1 1 1))
      (rotate (xyz 0 0 0))
    )
  )

  (module Capacitors_SMD:C_1206 (layer F.Cu) (tedit 5522BF3F) (tstamp 551A4E88)
    (at 152.4 121.92 270)
    (descr "Capacitor SMD 1206, reflow soldering, AVX (see smccp.pdf)")
    (tags "capacitor 1206")
    (path /550F3CBF/55119D63)
    (attr smd)
    (fp_text reference C14 (at 1.27 1.778 270) (layer F.SilkS)
      (effects (font (size 0.7 0.7) (thickness 0.1)))
    )
    (fp_text value 10nF (at -1.27 1.778 270) (layer F.Fab)
      (effects (font (size 0.7 0.7) (thickness 0.1)))
    )
    (fp_line (start -2.3 -1.15) (end 2.3 -1.15) (layer F.CrtYd) (width 0.05))
    (fp_line (start -2.3 1.15) (end 2.3 1.15) (layer F.CrtYd) (width 0.05))
    (fp_line (start -2.3 -1.15) (end -2.3 1.15) (layer F.CrtYd) (width 0.05))
    (fp_line (start 2.3 -1.15) (end 2.3 1.15) (layer F.CrtYd) (width 0.05))
    (fp_line (start 1 -1.025) (end -1 -1.025) (layer F.SilkS) (width 0.15))
    (fp_line (start -1 1.025) (end 1 1.025) (layer F.SilkS) (width 0.15))
    (pad 1 smd rect (at -1.5 0 270) (size 1 1.6) (layers F.Cu F.Paste F.Mask)
      (net 2 GND))
    (pad 2 smd rect (at 1.5 0 270) (size 1 1.6) (layers F.Cu F.Paste F.Mask)
      (net 9 /gpio/Reed))
    (model Capacitors_SMD.3dshapes/C_1206.wrl
      (at (xyz 0 0 0))
      (scale (xyz 1 1 1))
      (rotate (xyz 0 0 0))
    )
  )

  (module Capacitors_SMD:C_1206 (layer B.Cu) (tedit 55219A58) (tstamp 551A4E8E)
    (at 156.21 51.435 180)
    (descr "Capacitor SMD 1206, reflow soldering, AVX (see smccp.pdf)")
    (tags "capacitor 1206")
    (path /550F45E9/55102E6B)
    (attr smd)
    (fp_text reference C15 (at -2.286 1.143 180) (layer B.SilkS)
      (effects (font (size 0.7 0.7) (thickness 0.1)) (justify mirror))
    )
    (fp_text value 12pF (at 1.27 1.143 180) (layer B.Fab)
      (effects (font (size 0.7 0.7) (thickness 0.1)) (justify mirror))
    )
    (fp_line (start -2.3 1.15) (end 2.3 1.15) (layer B.CrtYd) (width 0.05))
    (fp_line (start -2.3 -1.15) (end 2.3 -1.15) (layer B.CrtYd) (width 0.05))
    (fp_line (start -2.3 1.15) (end -2.3 -1.15) (layer B.CrtYd) (width 0.05))
    (fp_line (start 2.3 1.15) (end 2.3 -1.15) (layer B.CrtYd) (width 0.05))
    (fp_line (start 1 1.025) (end -1 1.025) (layer B.SilkS) (width 0.15))
    (fp_line (start -1 -1.025) (end 1 -1.025) (layer B.SilkS) (width 0.15))
    (pad 1 smd rect (at -1.5 0 180) (size 1 1.6) (layers B.Cu B.Paste B.Mask)
      (net 10 /usb/USB_OSC1))
    (pad 2 smd rect (at 1.5 0 180) (size 1 1.6) (layers B.Cu B.Paste B.Mask)
      (net 2 GND))
    (model Capacitors_SMD.3dshapes/C_1206.wrl
      (at (xyz 0 0 0))
      (scale (xyz 1 1 1))
      (rotate (xyz 0 0 0))
    )
  )

  (module Capacitors_SMD:C_1206 (layer B.Cu) (tedit 5522C024) (tstamp 551A4E94)
    (at 156.21 62.865)
    (descr "Capacitor SMD 1206, reflow soldering, AVX (see smccp.pdf)")
    (tags "capacitor 1206")
    (path /550F45E9/55102F06)
    (attr smd)
    (fp_text reference C16 (at -3.556 -0.635) (layer B.SilkS)
      (effects (font (size 0.7 0.7) (thickness 0.1)) (justify mirror))
    )
    (fp_text value 12pF (at -3.81 0.381) (layer B.Fab)
      (effects (font (size 0.7 0.7) (thickness 0.1)) (justify mirror))
    )
    (fp_line (start -2.3 1.15) (end 2.3 1.15) (layer B.CrtYd) (width 0.05))
    (fp_line (start -2.3 -1.15) (end 2.3 -1.15) (layer B.CrtYd) (width 0.05))
    (fp_line (start -2.3 1.15) (end -2.3 -1.15) (layer B.CrtYd) (width 0.05))
    (fp_line (start 2.3 1.15) (end 2.3 -1.15) (layer B.CrtYd) (width 0.05))
    (fp_line (start 1 1.025) (end -1 1.025) (layer B.SilkS) (width 0.15))
    (fp_line (start -1 -1.025) (end 1 -1.025) (layer B.SilkS) (width 0.15))
    (pad 1 smd rect (at -1.5 0) (size 1 1.6) (layers B.Cu B.Paste B.Mask)
      (net 11 /usb/USB_OSC2))
    (pad 2 smd rect (at 1.5 0) (size 1 1.6) (layers B.Cu B.Paste B.Mask)
      (net 2 GND))
    (model Capacitors_SMD.3dshapes/C_1206.wrl
      (at (xyz 0 0 0))
      (scale (xyz 1 1 1))
      (rotate (xyz 0 0 0))
    )
  )

  (module Capacitors_SMD:C_1206 (layer B.Cu) (tedit 5522C03A) (tstamp 551A4E9A)
    (at 148.59 51.562 180)
    (descr "Capacitor SMD 1206, reflow soldering, AVX (see smccp.pdf)")
    (tags "capacitor 1206")
    (path /550F45E9/55103BF4)
    (attr smd)
    (fp_text reference C17 (at -1.27 -1.651 180) (layer B.SilkS)
      (effects (font (size 0.7 0.7) (thickness 0.1)) (justify mirror))
    )
    (fp_text value 100nF (at 1.778 -1.651 180) (layer B.Fab)
      (effects (font (size 0.7 0.7) (thickness 0.1)) (justify mirror))
    )
    (fp_line (start -2.3 1.15) (end 2.3 1.15) (layer B.CrtYd) (width 0.05))
    (fp_line (start -2.3 -1.15) (end 2.3 -1.15) (layer B.CrtYd) (width 0.05))
    (fp_line (start -2.3 1.15) (end -2.3 -1.15) (layer B.CrtYd) (width 0.05))
    (fp_line (start 2.3 1.15) (end 2.3 -1.15) (layer B.CrtYd) (width 0.05))
    (fp_line (start 1 1.025) (end -1 1.025) (layer B.SilkS) (width 0.15))
    (fp_line (start -1 -1.025) (end 1 -1.025) (layer B.SilkS) (width 0.15))
    (pad 1 smd rect (at -1.5 0 180) (size 1 1.6) (layers B.Cu B.Paste B.Mask)
      (net 12 "Net-(C17-Pad1)"))
    (pad 2 smd rect (at 1.5 0 180) (size 1 1.6) (layers B.Cu B.Paste B.Mask)
      (net 2 GND))
    (model Capacitors_SMD.3dshapes/C_1206.wrl
      (at (xyz 0 0 0))
      (scale (xyz 1 1 1))
      (rotate (xyz 0 0 0))
    )
  )

  (module Capacitors_SMD:C_1206 (layer F.Cu) (tedit 5522BEAB) (tstamp 551A4EA0)
    (at 143.51 113.03 90)
    (descr "Capacitor SMD 1206, reflow soldering, AVX (see smccp.pdf)")
    (tags "capacitor 1206")
    (path /550F3CEC/550F452D)
    (attr smd)
    (fp_text reference C18 (at -1.778 1.778 90) (layer F.SilkS)
      (effects (font (size 0.7 0.7) (thickness 0.1)))
    )
    (fp_text value 12pF (at 1.27 1.778 90) (layer F.Fab)
      (effects (font (size 0.7 0.7) (thickness 0.1)))
    )
    (fp_line (start -2.3 -1.15) (end 2.3 -1.15) (layer F.CrtYd) (width 0.05))
    (fp_line (start -2.3 1.15) (end 2.3 1.15) (layer F.CrtYd) (width 0.05))
    (fp_line (start -2.3 -1.15) (end -2.3 1.15) (layer F.CrtYd) (width 0.05))
    (fp_line (start 2.3 -1.15) (end 2.3 1.15) (layer F.CrtYd) (width 0.05))
    (fp_line (start 1 -1.025) (end -1 -1.025) (layer F.SilkS) (width 0.15))
    (fp_line (start -1 1.025) (end 1 1.025) (layer F.SilkS) (width 0.15))
    (pad 1 smd rect (at -1.5 0 90) (size 1 1.6) (layers F.Cu F.Paste F.Mask)
      (net 2 GND))
    (pad 2 smd rect (at 1.5 0 90) (size 1 1.6) (layers F.Cu F.Paste F.Mask)
      (net 13 /mcu/OSC1))
    (model Capacitors_SMD.3dshapes/C_1206.wrl
      (at (xyz 0 0 0))
      (scale (xyz 1 1 1))
      (rotate (xyz 0 0 0))
    )
  )

  (module Capacitors_SMD:C_1206 (layer F.Cu) (tedit 5522BEB0) (tstamp 551A4EA6)
    (at 129.794 113.03 270)
    (descr "Capacitor SMD 1206, reflow soldering, AVX (see smccp.pdf)")
    (tags "capacitor 1206")
    (path /550F3CEC/550F4534)
    (attr smd)
    (fp_text reference C19 (at 1.778 1.778 270) (layer F.SilkS)
      (effects (font (size 0.7 0.7) (thickness 0.1)))
    )
    (fp_text value 12pF (at -1.778 1.778 270) (layer F.Fab)
      (effects (font (size 0.7 0.7) (thickness 0.1)))
    )
    (fp_line (start -2.3 -1.15) (end 2.3 -1.15) (layer F.CrtYd) (width 0.05))
    (fp_line (start -2.3 1.15) (end 2.3 1.15) (layer F.CrtYd) (width 0.05))
    (fp_line (start -2.3 -1.15) (end -2.3 1.15) (layer F.CrtYd) (width 0.05))
    (fp_line (start 2.3 -1.15) (end 2.3 1.15) (layer F.CrtYd) (width 0.05))
    (fp_line (start 1 -1.025) (end -1 -1.025) (layer F.SilkS) (width 0.15))
    (fp_line (start -1 1.025) (end 1 1.025) (layer F.SilkS) (width 0.15))
    (pad 1 smd rect (at -1.5 0 270) (size 1 1.6) (layers F.Cu F.Paste F.Mask)
      (net 2 GND))
    (pad 2 smd rect (at 1.5 0 270) (size 1 1.6) (layers F.Cu F.Paste F.Mask)
      (net 14 /mcu/OSC2))
    (model Capacitors_SMD.3dshapes/C_1206.wrl
      (at (xyz 0 0 0))
      (scale (xyz 1 1 1))
      (rotate (xyz 0 0 0))
    )
  )

  (module Capacitors_SMD:C_1206 (layer B.Cu) (tedit 5522BF77) (tstamp 551A4EAC)
    (at 146.685 97.155 270)
    (descr "Capacitor SMD 1206, reflow soldering, AVX (see smccp.pdf)")
    (tags "capacitor 1206")
    (path /550F3CEC/550F4551)
    (attr smd)
    (fp_text reference C20 (at -1.397 1.905 270) (layer B.SilkS)
      (effects (font (size 0.7 0.7) (thickness 0.1)) (justify mirror))
    )
    (fp_text value 10uF (at 1.143 1.905 450) (layer B.Fab)
      (effects (font (size 0.7 0.7) (thickness 0.1)) (justify mirror))
    )
    (fp_line (start -2.3 1.15) (end 2.3 1.15) (layer B.CrtYd) (width 0.05))
    (fp_line (start -2.3 -1.15) (end 2.3 -1.15) (layer B.CrtYd) (width 0.05))
    (fp_line (start -2.3 1.15) (end -2.3 -1.15) (layer B.CrtYd) (width 0.05))
    (fp_line (start 2.3 1.15) (end 2.3 -1.15) (layer B.CrtYd) (width 0.05))
    (fp_line (start 1 1.025) (end -1 1.025) (layer B.SilkS) (width 0.15))
    (fp_line (start -1 -1.025) (end 1 -1.025) (layer B.SilkS) (width 0.15))
    (pad 1 smd rect (at -1.5 0 270) (size 1 1.6) (layers B.Cu B.Paste B.Mask)
      (net 2 GND))
    (pad 2 smd rect (at 1.5 0 270) (size 1 1.6) (layers B.Cu B.Paste B.Mask)
      (net 15 /mcu/Vcap))
    (model Capacitors_SMD.3dshapes/C_1206.wrl
      (at (xyz 0 0 0))
      (scale (xyz 1 1 1))
      (rotate (xyz 0 0 0))
    )
  )

  (module Capacitors_SMD:C_1206 (layer F.Cu) (tedit 55219AD5) (tstamp 551A4EB2)
    (at 152.4 72.136)
    (descr "Capacitor SMD 1206, reflow soldering, AVX (see smccp.pdf)")
    (tags "capacitor 1206")
    (path /550F3CEC/551059AA)
    (attr smd)
    (fp_text reference C21 (at -3.556 -0.508) (layer F.SilkS)
      (effects (font (size 0.7 0.7) (thickness 0.1)))
    )
    (fp_text value 100nF (at -4.064 0.508) (layer F.Fab)
      (effects (font (size 0.7 0.7) (thickness 0.1)))
    )
    (fp_line (start -2.3 -1.15) (end 2.3 -1.15) (layer F.CrtYd) (width 0.05))
    (fp_line (start -2.3 1.15) (end 2.3 1.15) (layer F.CrtYd) (width 0.05))
    (fp_line (start -2.3 -1.15) (end -2.3 1.15) (layer F.CrtYd) (width 0.05))
    (fp_line (start 2.3 -1.15) (end 2.3 1.15) (layer F.CrtYd) (width 0.05))
    (fp_line (start 1 -1.025) (end -1 -1.025) (layer F.SilkS) (width 0.15))
    (fp_line (start -1 1.025) (end 1 1.025) (layer F.SilkS) (width 0.15))
    (pad 1 smd rect (at -1.5 0) (size 1 1.6) (layers F.Cu F.Paste F.Mask)
      (net 16 /mcu/MCLR_in))
    (pad 2 smd rect (at 1.5 0) (size 1 1.6) (layers F.Cu F.Paste F.Mask)
      (net 2 GND))
    (model Capacitors_SMD.3dshapes/C_1206.wrl
      (at (xyz 0 0 0))
      (scale (xyz 1 1 1))
      (rotate (xyz 0 0 0))
    )
  )

  (module Capacitors_SMD:C_1206 (layer B.Cu) (tedit 5522BFDF) (tstamp 551A4EB8)
    (at 130.048 69.342)
    (descr "Capacitor SMD 1206, reflow soldering, AVX (see smccp.pdf)")
    (tags "capacitor 1206")
    (path /550F3C71/5513C923)
    (attr smd)
    (fp_text reference C22 (at 1.524 1.778) (layer B.SilkS)
      (effects (font (size 0.7 0.7) (thickness 0.1)) (justify mirror))
    )
    (fp_text value 10uF (at -1.27 1.778) (layer B.Fab)
      (effects (font (size 0.7 0.7) (thickness 0.1)) (justify mirror))
    )
    (fp_line (start -2.3 1.15) (end 2.3 1.15) (layer B.CrtYd) (width 0.05))
    (fp_line (start -2.3 -1.15) (end 2.3 -1.15) (layer B.CrtYd) (width 0.05))
    (fp_line (start -2.3 1.15) (end -2.3 -1.15) (layer B.CrtYd) (width 0.05))
    (fp_line (start 2.3 1.15) (end 2.3 -1.15) (layer B.CrtYd) (width 0.05))
    (fp_line (start 1 1.025) (end -1 1.025) (layer B.SilkS) (width 0.15))
    (fp_line (start -1 -1.025) (end 1 -1.025) (layer B.SilkS) (width 0.15))
    (pad 1 smd rect (at -1.5 0) (size 1 1.6) (layers B.Cu B.Paste B.Mask)
      (net 17 /motors/V_Bat))
    (pad 2 smd rect (at 1.5 0) (size 1 1.6) (layers B.Cu B.Paste B.Mask)
      (net 2 GND))
    (model Capacitors_SMD.3dshapes/C_1206.wrl
      (at (xyz 0 0 0))
      (scale (xyz 1 1 1))
      (rotate (xyz 0 0 0))
    )
  )

  (module Capacitors_SMD:C_1206 (layer B.Cu) (tedit 5522BFD1) (tstamp 551A4EBE)
    (at 123.825 64.77 270)
    (descr "Capacitor SMD 1206, reflow soldering, AVX (see smccp.pdf)")
    (tags "capacitor 1206")
    (path /550F3C71/5513C9DF)
    (attr smd)
    (fp_text reference C23 (at -1.524 -1.905 450) (layer B.SilkS)
      (effects (font (size 0.7 0.7) (thickness 0.1)) (justify mirror))
    )
    (fp_text value 1uF (at 1.27 -1.905 270) (layer B.Fab)
      (effects (font (size 0.7 0.7) (thickness 0.1)) (justify mirror))
    )
    (fp_line (start -2.3 1.15) (end 2.3 1.15) (layer B.CrtYd) (width 0.05))
    (fp_line (start -2.3 -1.15) (end 2.3 -1.15) (layer B.CrtYd) (width 0.05))
    (fp_line (start -2.3 1.15) (end -2.3 -1.15) (layer B.CrtYd) (width 0.05))
    (fp_line (start 2.3 1.15) (end 2.3 -1.15) (layer B.CrtYd) (width 0.05))
    (fp_line (start 1 1.025) (end -1 1.025) (layer B.SilkS) (width 0.15))
    (fp_line (start -1 -1.025) (end 1 -1.025) (layer B.SilkS) (width 0.15))
    (pad 1 smd rect (at -1.5 0 270) (size 1 1.6) (layers B.Cu B.Paste B.Mask)
      (net 17 /motors/V_Bat))
    (pad 2 smd rect (at 1.5 0 270) (size 1 1.6) (layers B.Cu B.Paste B.Mask)
      (net 2 GND))
    (model Capacitors_SMD.3dshapes/C_1206.wrl
      (at (xyz 0 0 0))
      (scale (xyz 1 1 1))
      (rotate (xyz 0 0 0))
    )
  )

  (module RoBoC:USB_Micro (layer B.Cu) (tedit 5522C076) (tstamp 551A4ECF)
    (at 144.78 45.72)
    (path /550F45E9/55102938)
    (fp_text reference CON1 (at 0 -6.096) (layer B.SilkS) hide
      (effects (font (size 0.7 0.7) (thickness 0.1)) (justify mirror))
    )
    (fp_text value USB (at 0.508 2.286 180) (layer B.Fab)
      (effects (font (size 0.7 0.7) (thickness 0.1)) (justify mirror))
    )
    (fp_line (start 3.556 0.254) (end -3.556 0.254) (layer B.SilkS) (width 0.15))
    (fp_line (start -3.556 0.254) (end -3.556 -4) (layer B.SilkS) (width 0.15))
    (fp_line (start -3.556 -4) (end 3.556 -4) (layer B.SilkS) (width 0.15))
    (fp_line (start 3.556 -4) (end 3.556 0.254) (layer B.SilkS) (width 0.15))
    (pad 1 smd rect (at -1.3 0.45) (size 0.4 2) (layers B.Cu B.Paste B.Mask)
      (net 1 /power/V_USB))
    (pad 2 smd rect (at -0.65 0.45) (size 0.4 2) (layers B.Cu B.Paste B.Mask)
      (net 18 /usb/USB_D-))
    (pad 3 smd rect (at 0 0.45) (size 0.4 2) (layers B.Cu B.Paste B.Mask)
      (net 19 /usb/USB_D+))
    (pad 4 smd rect (at 0.65 0.45) (size 0.4 2) (layers B.Cu B.Paste B.Mask)
      (net 20 "Net-(CON1-Pad4)"))
    (pad 5 smd rect (at 1.3 0.45) (size 0.4 2) (layers B.Cu B.Paste B.Mask)
      (net 2 GND))
    (pad 6 smd rect (at 3.1 0) (size 2.1 1.6) (layers B.Cu B.Paste B.Mask)
      (net 12 "Net-(C17-Pad1)"))
    (pad 7 smd rect (at -3.1 0) (size 2.1 1.6) (layers B.Cu B.Paste B.Mask)
      (net 12 "Net-(C17-Pad1)"))
    (pad 8 smd rect (at 4 -2.55) (size 1.8 1.9) (layers B.Cu B.Paste B.Mask)
      (net 12 "Net-(C17-Pad1)"))
    (pad 9 smd rect (at -4 -2.55) (size 1.8 1.9) (layers B.Cu B.Paste B.Mask)
      (net 12 "Net-(C17-Pad1)"))
  )

  (module Connect:BARREL_JACK (layer F.Cu) (tedit 5522C06D) (tstamp 551A4ED6)
    (at 132.08 45.72 270)
    (descr "DC Barrel Jack")
    (tags "Power Jack")
    (path /550F3C71/551A8563)
    (fp_text reference CON2 (at 10.09904 0 360) (layer F.SilkS)
